       0      4.88890  6.40000e+34  2.19170e+34  2.10000e+32      0.00000 2.90300e+34  6.91000e+33  5.45700e+33    0.0920312
       1      4.89790  4.40000e+34  5.12800e+33  1.38000e+32      0.00000
  2.06400e+34  6.21000e+33  6.29600e+33     0.269318
       2      4.92190  8.38000e+34  2.13540e+34  2.32000e+32      0.00000
  4.70600e+34  7.78000e+33  7.84600e+33    0.0878282
       3      4.96590  7.02000e+34  2.13400e+34  6.85000e+32      0.00000
  3.47900e+34  6.57000e+33  9.91500e+33    0.0965541
       4      5.02120  8.99000e+34  2.39600e+34  1.01000e+33      0.00000
  4.90500e+34  7.53000e+33  1.04200e+34    0.0930412
       5      5.09080  1.41000e+35  5.64100e+34  1.56000e+33      0.00000
  6.57900e+34  9.56000e+33  1.18600e+34    0.0558582
       6      5.14470  1.69000e+35  7.16900e+34  1.82000e+33      0.00000
  7.53300e+34  9.31000e+33  1.33400e+34    0.0632722
       7      5.18340  2.09000e+35  1.01700e+35  3.71000e+33      0.00000
  8.48400e+34  1.12000e+34  1.20800e+34    0.0349139
       8      5.23690  2.67000e+35  1.33100e+35  6.42000e+33      0.00000
  1.03910e+35  1.23000e+34  1.66100e+34    0.0422622
       9      5.25910  2.92000e+35  1.46980e+35  7.10000e+33      0.00000
  1.06190e+35  1.36000e+34  1.76400e+34    0.0626473
      10      5.28130  3.40000e+35  1.75300e+35  1.06600e+34      0.00000
  1.19200e+35  1.39000e+34  3.55000e+34    0.0601000
      11      5.32890  3.06000e+35  1.74600e+35  1.04700e+34      0.00000
  9.66000e+34  1.13000e+34  2.82800e+34    0.0405261
      12      5.35340  3.23000e+35  1.81400e+35  1.28300e+34      0.00000
  1.07000e+35  7.55000e+33  4.05300e+34    0.0427214
      13      5.37950  2.89000e+35  1.43600e+35  1.37800e+34      0.00000
  1.16100e+35  5.10000e+33  4.68200e+34    0.0358443
      14      5.39160  3.54000e+35  1.64300e+35  1.97200e+34      0.00000
  1.53000e+35  4.88000e+33  9.43000e+34    0.0361582
      15      5.43090  4.00000e+35  1.48300e+35  2.37600e+34      0.00000
  2.04300e+35  5.02000e+33  1.47800e+35    0.0470000
      16      5.48420  4.42000e+35  1.47900e+35  2.39300e+34      0.00000
  2.19000e+35  5.25000e+33  1.53800e+35     0.104751
      17      5.56950  5.22000e+35  1.60200e+35  3.66000e+34      0.00000
  2.59200e+35  5.77000e+33  1.38500e+35     0.114176
      18      5.61320  1.07000e+36  2.85300e+35  9.93000e+34      0.00000
  4.71000e+35  2.20000e+34  2.26900e+35     0.177570
      19      5.65690  1.71000e+36  3.00000e+35  2.03000e+35  1.88000e+34
  7.47000e+35  2.69000e+34  3.28000e+35     0.244444
      20      5.66950  2.08000e+36  1.88900e+35  2.70500e+35  2.16000e+34
  9.88000e+35  2.65000e+34  3.75400e+35     0.280288
      21      5.68660  2.21000e+36  2.00600e+35  2.92800e+35  2.31000e+34
  1.06400e+36  2.88000e+34  3.83400e+35     0.271493
      22      5.69990  2.49000e+36  2.28000e+35  3.35500e+35  2.44000e+34
  1.21300e+36  3.32000e+34  4.19500e+35     0.264257
      23      5.70510  2.39000e+36  2.28000e+35  3.39500e+35  2.56000e+34
  1.12800e+36  3.36000e+34  3.16500e+35     0.266946
      24      5.73860  2.42000e+36  2.22800e+35  3.32700e+35  2.72000e+34
  1.19400e+36  3.31000e+34  3.86500e+35     0.250413
      25      5.79680  2.14000e+36  1.98600e+35  2.95700e+35  2.95000e+34
  1.05400e+36  2.96000e+34  3.29300e+35     0.246729
      26      5.81590  1.80000e+36  1.67200e+35  2.51300e+35  3.05000e+34
  8.89000e+35  2.50000e+34  2.78500e+35     0.242222
      27      5.82640  1.83000e+36  1.68700e+35  2.55600e+35  3.10000e+34
  9.05000e+35  2.55000e+34  2.82300e+35     0.244262
      28      5.84530  1.87000e+36  1.72300e+35  2.61000e+35  3.14000e+34
  9.23000e+35  2.61000e+34  2.86300e+35     0.244920
      29      5.86320  1.84000e+36  1.70900e+35  2.57200e+35  3.16000e+34
  9.09000e+35  2.56000e+34  2.85100e+35     0.243478
      30      5.87780  1.94000e+36  1.81200e+35  2.73000e+35  3.19000e+34
  9.57000e+35  2.70000e+34  3.02200e+35     0.243814
      31      5.89460  2.04000e+36  1.87900e+35  2.86400e+35  3.24000e+34
  1.00500e+36  2.85000e+34  3.12300e+35     0.245588
      32      5.90720  2.06000e+36  1.90300e+35  2.88600e+35  3.26000e+34
  1.01600e+36  2.87000e+34  3.15900e+35     0.245146
      33      5.92860  2.23000e+36  2.07200e+35  3.13600e+35  3.29000e+34
  1.10100e+36  3.11000e+34  3.41800e+35     0.245740
      34      6.11420  2.05000e+36  1.90000e+35  2.86300e+35  3.70000e+34
  1.00000e+36  3.25000e+34  3.15300e+35     0.246341
      35      6.62180  1.77000e+36  1.73400e+35  2.46100e+35  4.71000e+34
  8.23000e+35  2.90000e+34  3.04500e+35     0.254802
      36      7.11040  1.56000e+36  1.49000e+35  2.05100e+35  3.45000e+34
  7.00000e+35  4.65000e+34  2.99500e+35     0.271154
      37      7.41720  1.38000e+36  1.37700e+35  1.82900e+35  3.14000e+34
  5.66000e+35  6.89000e+34  2.81900e+35     0.285507
      38      7.60250  8.93000e+35  5.40000e+34  8.09000e+34  3.05000e+34
  3.54000e+35  1.37000e+35  1.94800e+35     0.265398
      39      7.81850  6.76000e+35  3.54000e+34  5.44000e+34  2.60000e+34
  2.56000e+35  1.37000e+35  1.53400e+35     0.248521
      40      8.12400  6.93000e+35  2.76000e+34  5.20800e+34  2.02000e+34
  2.65000e+35  1.68000e+35  1.53580e+35     0.229437
      41      8.64920  7.34000e+35  2.72300e+34  4.53000e+34  3.92000e+34
  2.78000e+35  2.02000e+35  1.73700e+35     0.193461
      42      9.20460  7.57000e+35  2.99100e+34  5.17000e+34  4.52000e+34
  2.91000e+35  2.11000e+35  1.83800e+35     0.170410
      43      9.74590  4.29000e+35  1.62700e+34  3.12800e+34  2.73000e+34
  1.62400e+35  1.23000e+35  9.79800e+34     0.158741
      44      10.2976  3.32000e+35  4.16000e+33  2.21950e+34  1.94000e+34
  1.29600e+35  1.04000e+35  6.11850e+34     0.158735
      45      12.3380  3.54000e+35  3.36800e+33  1.83000e+34  1.91000e+34
  1.44900e+35  1.02000e+35  7.87580e+34     0.187006

